2517.985199020702
2517.985199020702
2488.3942676352062
2488.3942676352062
2488.3942676352062
2488.3942676352062
2488.3942676352062
2488.3942676352062
2488.3942676352062
2488.3942676352062
2488.3942676352062
2488.3942676352062
2488.3942676352062
2460.540068848184
2460.540068848184
2460.540068848184
2460.540068848184
2460.540068848184
2460.540068848184
2460.540068848184
2460.540068848184
2460.540068848184
2460.540068848184
2460.540068848184
2460.540068848184
2460.540068848184
2460.540068848184
2460.540068848184
2460.540068848184
2460.540068848184
2460.540068848184
2460.540068848184
2460.540068848184
2460.540068848184
2460.540068848184
2460.540068848184
2460.540068848184
2460.540068848184
2686.3196424127627
2686.3196424127627
2686.3196424127627
2686.3196424127627
2686.3196424127627
2686.3196424127627
2686.3196424127627
2720.3491802311123
2720.3491802311123
2720.3491802311123
2720.3491802311123
2720.3491802311123
2720.3491802311123
2720.3491802311123
2720.3491802311123
2720.3491802311123
2720.3491802311123
2638.7568255459832
2638.7568255459832
2638.7568255459832
2638.7568255459832
2638.7568255459832
2638.7568255459832
2599.810060602855
2599.810060602855
2599.810060602855
2599.810060602855
2599.810060602855
2599.810060602855
2599.810060602855
2599.810060602855
2599.810060602855
2599.810060602855
2599.810060602855
2561.1256621050447
2561.1256621050447
2561.1256621050447
2561.1256621050447
2561.1256621050447
2561.1256621050447
2561.1256621050447
2561.1256621050447
2561.1256621050447
2561.1256621050447
2561.1256621050447
2561.1256621050447
2561.1256621050447
2561.1256621050447
2561.1256621050447
2523.6593854822854
2523.6593854822854
2523.6593854822854
2523.6593854822854
2523.6593854822854
2523.6593854822854
2523.6593854822854
2523.6593854822854
2523.6593854822854
2523.6593854822854
2523.6593854822854
2523.6593854822854
2523.6593854822854
2523.6593854822854
2523.6593854822854
2523.6593854822854
2523.6593854822854
2490.6760785544984
2490.6760785544984
2490.6760785544984
2490.6760785544984
2490.6760785544984
2490.6760785544984
2490.6760785544984
2490.6760785544984
2490.6760785544984
2444.606652992697
2444.606652992697
2444.606652992697
2444.606652992697
2444.606652992697
2465.266368087961
2448.582298382514
2448.582298382514
2448.582298382514
2448.582298382514
2448.582298382514
2448.582298382514
2448.582298382514
2448.582298382514
2448.582298382514
2448.582298382514
2448.582298382514
2358.9777902328547
2300.1118567539993
2300.1118567539993
2300.1118567539993
2300.1118567539993
2300.1118567539993
2300.1118567539993
2300.1118567539993
2108.7778568071353
2108.7778568071353
2108.7778568071353
2164.465907190492
2164.465907190492
2164.465907190492
1900.6941988391304
1900.6941988391304
1900.6941988391304
1900.6941988391304
1900.6941988391304
1900.6941988391304
2437.234486142011
1929.8053668401426
1929.8053668401426
1993.3424441347872
1993.3424441347872
2678.6336150298866
2678.6336150298866
2678.6336150298866
1916.4309167212953
1740.1849245917815
3089.655950488913
3089.655950488913
3404.193662265963
3381.68964391674
3131.1698745117505
3131.1698745117505
3131.1698745117505
2924.064632838862
3155.7937000236193
3155.7937000236193
3155.7937000236193
3155.7937000236193
3155.7937000236193
3155.7937000236193
3155.7937000236193
3045.368236403556
2959.488414508705
2959.488414508705
3047.2335571034514
3047.2335571034514
2911.8022350402903
2880.350315131012
2880.350315131012
2792.7850591640445
2754.5360603180047
2754.5360603180047
2796.877606429502
2796.877606429502
2796.877606429502
2738.1962798538975
2649.7678435481216
2595.861123580955
2595.861123580955
2595.861123580955
2524.314330087593
2524.314330087593
2524.314330087593
2524.314330087593
2524.314330087593
2543.193915203707
2543.193915203707
2459.6575550734037
2459.6575550734037
2384.9989361016737
2343.7802759794
2343.7802759794
2343.7802759794
2343.7802759794
2286.057736556579
2229.60649585943
2125.586305461197
2125.586305461197
2198.6841109675834
2169.072218154277
2169.072218154277
2117.282176856501
2117.282176856501
2043.6881514106608
1949.4440752593575
1949.4440752593575
1979.403660086537
1979.403660086537
1979.403660086537
1979.403660086537
1979.403660086537
1924.5383558354558
1859.1249606907065
1833.3978146509198
1729.3445635710796
1655.9699977939135
1628.7156388431279
1628.7156388431279
1628.7156388431279
1792.7959544989847
1718.6666847942774
1676.9653679912662
1612.2092840638666
1557.6985536876691
1557.6985536876691
1557.6985536876691
1557.6985536876691
1428.7551620650354
1428.7551620650354
1428.7551620650354
1396.149058709856
1396.149058709856
1343.4310503346023
1320.3335807075064
1385.3605392038505
1385.3605392038505
1362.408334316518
1362.408334316518
1309.6823663973476
1259.9813061046825
1226.8025067667124
1220.7156471180958
1220.7156471180958
1220.7156471180958
1158.925202805948
1279.220556255136
1279.220556255136
1279.220556255136
1214.8041483765483
1146.558835226529
1215.9167844061292
1215.9167844061292
1088.138176816217
1069.6108527777699
1211.6382014116089
1211.6382014116089
1178.0394198578867
1178.0394198578867
1178.0394198578867
1178.0394198578867
1087.8619475238877
1087.8619475238877
1028.1327053999996
1185.590897204381
1080.9578480550356
1080.9578480550356
1080.9578480550356
1024.1269695260464
1008.7835362066364
1008.7835362066364
950.9524009610685
1054.585929970749
1054.585929970749
1054.585929970749
1054.585929970749
1010.7716048218382
998.6937540546267
998.6937540546267
1049.5792724985215
1056.7196169401054
1056.7196169401054
1056.7196169401054
1002.5490034837264
1002.5490034837264
982.0130599840778
1047.614580097458
1047.614580097458
