34
1	39.49	32.14	45.05
2	38.53	31.05	42.03
3	40.66	32.36	40.00
4	43.08	34.61	40.00
5	35.54	32.08	41.37
6	36.14	31.73	37.51
7	35.42	34.97	43.15
8	34.77	33.84	46.14
9	38.15	36.46	41.48
10	40.24	36.85	43.51
11	37.06	36.60	38.70
12	39.84	35.73	36.19
13	33.85	37.38	38.74
14	32.13	34.60	38.75
15	32.78	38.99	36.30
16	30.39	40.15	36.28
17	35.04	38.39	34.28
18	37.52	40.07	34.78
19	34.82	35.30	34.18
20	37.00	33.44	32.79
21	38.01	31.85	30.06
22	31.87	34.97	33.28
23	29.07	35.50	34.81
24	31.93	36.67	30.69
25	31.21	39.20	31.00
26	34.20	35.23	29.14
27	36.74	37.28	29.47
28	32.98	32.39	28.90
29	30.13	31.61	30.28
30	27.66	33.78	30.12
31	31.85	32.48	25.80
32	30.14	35.14	25.86
33	34.77	33.84	24.16
34	36.91	33.25	25.28
