404.419	-3.93701
416.9	31.621
429.359	38.2794
441.797	0.0909424
454.214	71.1063
466.611	19.3742
478.986	72.9419
491.341	39.8547
503.675	114.156
515.988	93.8891
528.28	109.093
540.552	63.8074
552.803	104.069
565.034	67.9153
577.244	39.3792
589.431	46.4956
601.601	31.2941
613.749	49.8068
625.877	58.0618
637.986	44.0875
650.073	49.9114
662.142	13.5578
674.19	27.0517
686.216	10.418
698.223	49.6768
710.21	54.85
722.179	51.9572
734.124	25.0205
746.052	62.0546
757.958	65.0789
769.847	12.1087
781.716	35.1602
793.562	0.249512
805.392	27.3879
817.2	22.5914
828.991	75.8696
840.76	97.2369
852.508	160.704
864.241	108.277
875.951	165.971
887.643	171.793
899.316	101.75
910.969	107.851
922.604	100.102
934.217	86.5132
945.815	151.085
957.389	43.8286
968.949	96.744
980.486	55.84
992.006	85.1178
1003.51	128.582
1014.99	94.2367
1026.45	38.0837
1037.9	58.1251
1049.32	28.3641
1060.73	98.8008
1072.11	39.4379
1083.48	18.2749
1094.83	65.314
1106.16	46.5549
1117.48	25.9966
1128.77	51.6404
1140.05	41.4852
1151.31	49.5298
1162.55	15.7736
1173.77	36.2151
1184.97	-1.14709
1196.16	51.6854
1207.32	88.7104
1218.47	83.9258
1229.6	47.3297
1240.71	124.919
1251.81	148.692
1262.88	152.645
1273.94	156.776
1284.98	241.081
1296	233.558
1307.01	282.202
1317.99	253.012
1328.96	285.982
1339.91	245.11
1350.85	244.392
1361.76	173.824
1372.66	115.402
1383.54	139.123
1394.4	180.983
1405.25	214.977
1416.07	219.101
1426.88	259.353
1437.68	293.726
1448.45	366.218
1459.21	310.823
1469.95	187.539
1480.67	106.361
1491.38	83.2842
1502.07	44.3043
1512.74	85.4183
1523.39	90.6212
1534.03	105.909
1544.65	97.2771
1555.25	90.7218
1565.84	70.2395
1576.41	77.825
1586.96	137.475
1597.5	141.185
1608.02	216.951
1618.52	220.77
1629.01	270.637
1639.47	364.549
1649.93	440.501
1660.36	382.489
1670.78	308.512
1681.18	162.563
1691.57	116.641
1701.93	38.7408
1712.29	12.8596
1722.62	36.9936
1732.94	-0.860779
1743.25	5.29413
1753.53	29.4534
1763.8	-6.38495
1774.06	27.7769
1784.29	11.934
1794.51	24.084
1804.72	64.2244
1814.91	60.3519
1825.08	56.4641
1835.24	34.558
1845.38	40.6313
1855.51	56.6812
1865.61	34.7056
1875.71	38.7012
1885.78	40.6669
1895.85	44.5999
1905.89	58.4978
1915.92	36.3591
1925.93	18.1813
1935.93	41.9629
1945.91	-0.298279
1955.88	85.3959
1965.83	49.0443
1975.77	76.6448
1985.69	70.1963
1995.59	91.6966
2005.48	77.1455
2015.35	54.5406
2025.21	67.8817
2035.05	53.1666
2044.88	94.395
2054.69	111.565
2064.49	84.6776
2074.27	73.7297
2084.03	68.7218
2093.78	79.6536
2103.52	100.523
2113.24	79.3306
2122.94	86.076
2132.63	70.7575
2142.3	65.3762
2151.96	69.9315
2161.61	78.423
2171.24	98.8501
2180.85	67.2141
2190.45	103.513
2200.04	71.7492
2209.6	89.921
2219.16	66.0295
2228.7	76.0744
2238.23	60.0568
2247.73	33.976
2257.23	87.8333
2266.71	63.6291
2276.18	67.3633
2285.63	81.0371
2295.07	50.6511
2304.49	84.2058
2313.9	95.7024
2323.29	55.1412
2332.67	54.5231
2342.03	61.8494
2351.38	79.1209
2360.72	48.3384
2370.04	65.5032
2379.34	58.616
2388.64	21.6783
2397.92	50.6913
2407.18	9.65607
2416.43	84.5738
2425.66	49.4458
2434.88	86.2736
2444.09	65.0584
2453.28	43.8015
2462.46	44.5046
2471.63	39.1688
2480.78	37.7958
2489.91	36.3871
2499.04	14.9443
2508.15	47.4688
2517.24	49.9623
2526.32	60.4264
2535.39	58.8627
2544.44	51.2729
2553.48	27.6588
2562.51	42.0218
2571.52	12.3638
2580.51	26.6865
2589.5	64.9916
2598.47	61.2809
2607.43	-0.443848
2616.37	31.8191
2625.3	60.0716
2634.22	24.3154
2643.12	18.5522
2652.01	10.784
2660.88	31.0124
2669.74	-4.76062
2678.59	21.4667
2687.43	23.6961
2696.25	7.9295
2705.06	46.1687
2713.85	38.4154
2722.63	50.6714
2731.4	70.9388
2740.16	45.219
2748.9	45.514
2757.63	37.8254
2766.34	34.1553
2775.04	34.5051
2783.73	-5.12329
2792.41	17.2718
2801.07	-2.3078
2809.72	38.1394
2818.36	34.6152
2826.98	81.1214
2835.59	163.659
2844.19	272.231
2852.77	342.838
2861.35	355.481
2869.91	488.163
2878.45	608.884
2886.98	567.647
2895.5	568.452
2904.01	573.302
2912.51	660.197
2920.99	829.14
2929.46	870.131
2937.92	939.171
2946.36	760.263
2954.79	625.407
2963.21	596.605
2971.62	455.857
2980.01	407.165
2988.39	382.531
2996.76	229.954
3005.11	165.437
3013.46	130.98
3021.79	90.584
3030.11	38.2501
3038.41	47.9793
3046.71	47.7726
3054.99	51.6302
3063.26	85.5536
3071.51	71.5427
3079.76	25.5991
3087.99	45.7224
3096.21	5.91443
3104.42	18.1747
3112.62	2.50372
3120.8	0.902405
3128.97	15.3707
3137.13	23.9095
3145.28	36.5185
3153.41	9.19812
3161.53	1.94876
3169.65	4.77008
3177.74	47.6628
3185.83	66.6263
3193.91	79.6611
3201.97	30.7663
3210.02	33.9426
3218.06	69.1888
3226.09	42.5057
3234.1	67.8925
3242.1	55.3491
3250.1	56.8744
3258.08	72.4684
3266.04	56.1304
3274	123.86
3281.95	121.656
3289.88	87.5176
3297.8	123.445
3305.71	133.436
3313.61	97.4915
3321.49	85.6081
3329.37	81.7866
3337.23	94.0249
3345.08	84.3226
3352.92	80.6774
3360.75	99.089
3368.57	87.5547
3376.37	64.0746
3384.17	84.6461
3391.95	73.2687
3399.72	119.939
3407.48	124.657
3415.23	87.4204
3422.97	76.2275
3430.7	57.0757
3438.41	87.9625
3446.11	100.887
3453.8	111.847
3461.48	76.8393
3469.15	63.8627
3476.81	80.9151
3484.46	73.9933
3492.1	61.0952
3499.72	68.2177
3507.33	51.3582
3514.94	40.515
3522.53	29.6845
3530.11	44.8635
3537.68	52.05
3545.24	57.2409
3552.79	42.4325
3560.32	41.6217
3567.85	28.8067
3575.36	29.9826
3582.87	19.147
3590.36	26.2955
3597.84	17.4253
3605.31	32.5337
3612.77	35.6157
3620.22	8.66808
3627.66	-0.312256
3635.09	22.6687
3642.51	25.6095
