404.419	26.5264
416.9	39.9195
429.359	35.2681
441.797	30.5776
454.214	7.85306
466.611	31.0993
478.986	24.3212
491.341	31.5233
503.675	44.71
515.988	11.8858
528.28	33.0547
540.552	16.2209
552.803	23.3882
565.034	30.5604
577.244	43.7412
589.431	18.9351
601.601	22.1434
613.749	5.37109
625.877	26.6201
637.986	9.89417
650.073	21.1965
662.142	50.5291
674.19	19.8951
686.216	25.2982
698.223	24.7391
710.21	12.2211
722.179	47.7457
734.124	43.3171
746.052	20.9351
757.958	28.603
769.847	36.3218
781.716	54.0939
793.562	11.9219
805.392	61.8056
817.2	35.7484
828.991	45.75
840.76	65.8135
852.508	79.9398
864.241	70.1286
875.951	92.3835
887.643	80.7039
899.316	73.0913
910.969	73.5471
922.604	86.071
934.217	82.6661
945.815	85.3303
957.389	76.067
968.949	30.8742
980.486	7.75525
992.006	72.7086
1003.51	75.7357
1014.99	98.8368
1026.45	60.0123
1037.9	71.2622
1049.32	60.5875
1060.73	71.9874
1072.11	109.463
1083.48	63.0134
1094.83	74.6399
1106.16	82.342
1117.48	56.1191
1128.77	43.9722
1140.05	55.9008
1151.31	71.9045
1162.55	67.9834
1173.77	88.1372
1184.97	78.3658
1196.16	38.6691
1207.32	53.0463
1218.47	55.4973
1229.6	80.0219
1240.71	74.6195
1251.81	107.29
1262.88	114.032
1273.94	76.8467
1284.98	103.732
1296	162.689
1307.01	103.715
1317.99	144.811
1328.96	141.976
1339.91	147.21
1350.85	114.511
1361.76	91.8796
1372.66	107.315
1383.54	78.8152
1394.4	120.381
1405.25	128.011
1416.07	165.705
1426.88	107.461
1437.68	167.28
1448.45	203.16
1459.21	187.1
1469.95	115.1
1480.67	115.159
1491.38	101.276
1502.07	73.4508
1512.74	59.6816
1523.39	53.9678
1534.03	66.3088
1544.65	98.7036
1555.25	45.1513
1565.84	73.6511
1576.41	72.2021
1586.96	94.8033
1597.5	113.454
1608.02	104.153
1618.52	96.8998
1629.01	145.693
1639.47	162.532
1649.93	209.416
1660.36	186.344
1670.78	135.315
1681.18	102.328
1691.57	69.3829
1701.93	80.4775
1712.29	57.6116
1722.62	32.7842
1732.94	33.9943
1743.25	41.2412
1753.53	2.52362
1763.8	25.8409
1774.06	81.1926
1784.29	56.5771
1794.51	57.9937
1804.72	-0.558228
1814.91	40.9201
1825.08	34.4281
1835.24	35.9647
1845.38	83.5292
1855.51	29.1207
1865.61	54.7382
1875.71	28.3809
1885.78	28.0481
1895.85	57.7389
1905.89	33.4524
1915.92	71.1879
1925.93	72.9445
1935.93	38.7216
1945.91	54.5181
1955.88	58.3332
1965.83	50.1665
1975.77	68.0169
1985.69	41.8839
1995.59	37.7662
2005.48	49.6639
2015.35	43.5756
2025.21	27.5012
2035.05	51.4392
2044.88	55.3895
2054.69	67.3512
2064.49	63.3237
2074.27	59.306
2084.03	59.298
2093.78	51.299
2103.52	19.3078
2113.24	43.3242
2122.94	61.3478
2132.63	57.3771
2142.3	75.4125
2151.96	61.4533
2161.61	53.4987
2171.24	19.5477
2180.85	67.6009
2190.45	17.6564
2200.04	67.7149
2209.6	65.7751
2219.16	47.8371
2228.7	27.8998
2238.23	61.9636
2247.73	52.0269
2257.23	42.0901
2266.71	44.153
2276.18	32.2141
2285.63	62.2739
2295.07	34.3318
2304.49	26.3873
2313.9	46.4406
2323.29	32.4905
2332.67	38.5372
2342.03	38.5803
2351.38	44.6197
2360.72	52.6547
2370.04	30.6853
2379.34	4.71088
2388.64	12.7316
2397.92	42.7473
2407.18	38.7575
2416.43	62.7619
2425.66	32.7604
2434.88	46.7531
2444.09	36.7397
2453.28	60.7197
2462.46	32.6937
2471.63	30.6606
2480.78	38.6209
2489.91	22.5743
2499.04	20.5214
2508.15	44.4609
2517.24	16.3939
2526.32	38.3196
2535.39	26.2385
2544.44	22.1501
2553.48	26.0547
2562.51	49.9524
2571.52	53.843
2580.51	25.7263
2589.5	11.6035
2598.47	45.473
2607.43	25.3362
2616.37	51.1925
2625.3	33.0424
2634.22	44.8859
2643.12	36.723
2652.01	64.5542
2660.88	30.379
2669.74	28.1982
2678.59	20.0118
2687.43	19.8201
2696.25	27.6229
2705.06	19.4213
2713.85	67.2146
2722.63	37.0031
2731.4	56.7879
2740.16	50.5686
2748.9	52.3461
2757.63	58.1195
2766.34	13.8907
2775.04	37.6586
2783.73	33.4247
2792.41	17.1886
2801.07	34.9511
2809.72	30.7122
2818.36	60.4726
2826.98	50.2327
2835.59	81.9929
2844.19	135.753
2852.77	203.514
2861.35	209.277
2869.91	297.042
2878.45	282.809
2886.98	324.578
2895.5	274.351
2904.01	314.128
2912.51	347.909
2920.99	413.695
2929.46	411.487
2937.92	439.284
2946.36	411.088
2954.79	342.899
2963.21	324.718
2971.62	262.545
2980.01	202.382
2988.39	194.227
2996.76	136.083
3005.11	91.9501
3013.46	65.8286
3021.79	9.71936
3030.11	39.6227
3038.41	35.5398
3046.71	61.4714
3054.99	53.4175
3063.26	63.3798
3071.51	69.358
3079.76	37.3539
3087.99	29.3673
3096.21	33.4
3104.42	43.452
3112.62	35.5239
3120.8	7.61703
3128.97	35.7318
3137.13	3.86951
3145.28	22.0305
3153.41	14.2158
3161.53	68.4263
3169.65	14.6626
3177.74	6.92606
3185.83	1.21695
3193.91	47.5367
3201.97	29.8855
3210.02	30.2648
3218.06	54.675
3226.09	11.1176
3234.1	11.5934
3242.1	22.1031
3250.1	38.6476
3258.08	75.228
3266.04	41.8452
3274	38.5
3281.95	43.1941
3289.88	57.9268
3297.8	28.7011
3305.71	69.5166
3313.61	46.3751
3321.49	57.2766
3329.37	68.2232
3337.23	45.2152
3345.08	52.2543
3352.92	63.3406
3360.75	28.4761
3368.57	43.6606
3376.37	8.89655
3384.17	66.1841
3391.95	47.525
3399.72	32.9194
3407.48	52.3693
3415.23	57.8752
3422.97	37.4388
3430.7	35.0605
3438.41	32.741
3446.11	50.4822
3453.8	6.28558
3461.48	36.151
3469.15	34.0806
3476.81	50.0757
3484.46	20.1368
3492.1	26.2653
3499.72	16.462
3507.33	14.728
3514.94	37.0654
3522.53	-0.525604
3530.11	41.9561
3537.68	20.5124
3545.24	45.1442
3552.79	43.8523
3560.32	40.6379
3567.85	43.5033
3575.36	14.4485
3582.87	33.4752
3590.36	22.5837
3597.84	23.7761
3605.31	31.0544
3612.77	14.4185
3620.22	37.8698
3627.66	29.4105
3635.09	37.0394
3642.51	24.7605
